0.00579147291183   0
4.36290916261   2000
0.673999625638   4000
0.517634954795   6000
0.483587344609   8000
0.471264680624   10000
0.45671022591   12000
0.447969674475   14000
0.44029464554   16000
0.434452574298   18000
0.428736218728   20000
0.430445872851   22000
0.416340095796   24000
0.420176539302   26000
0.423537321419   28000
0.420469767876   30000
0.41680446437   32000
0.415386076272   34000
0.411193929635   36000
0.40623844713   38000
0.403410978898   40000
0.4032022098   42000
0.401130476028   44000
0.393190567218   46000
0.39697072129   48000
0.400770668969   50000
0.395012637384   52000
0.400440837987   54000
0.397328354008   56000
0.393747527122   58000
0.396303349264   60000
0.391779852003   62000
0.396423020504   64000
0.392695520192   66000
0.388602309778   68000
0.394080929324   70000
0.389968266711   72000
0.389981105462   74000
0.38363643451   76000
0.389350781299   78000
0.387664355658   80000
0.382022791676   82000
0.379044664875   84000
0.384864770032   86000
0.382632640377   88000
0.380547137983   90000
0.384664607778   92000
0.377923482701   94000
0.380033479944   96000
0.374011882357   98000
0.389540743314   100000
0.374560381673   102000
0.379315468527   104000
0.367842203781   106000
0.377272959806   108000
0.384633326963   110000
0.379547669657   112000
0.372385106258   114000
0.378208241045   116000
0.372947648905   118000
0.374526759431   120000
0.376764728092   122000
0.374856088206   124000
0.378518868074   126000
0.36625909593   128000
0.37181864816   130000
0.369404342696   132000
0.365306149572   134000
0.372530115835   136000
0.369889923289   138000
0.3750593777   140000
0.367960129093   142000
0.372317697272   144000
0.376304173328   146000
0.368639199704   148000
0.369019242838   150000
0.370269098878   152000
0.366678472057   154000
0.377907466009   156000
0.370182131082   158000
0.367255221233   160000
0.365524423078   162000
0.369313753169   164000
0.369201003499   166000
0.368884382963   168000
0.371937611468   170000
0.360690245546   172000
0.365720980965   174000
0.367640387889   176000
0.369430016331   178000
0.365182911292   180000
0.368601811796   182000
0.372352486625   184000
0.364498361021   186000
0.366399984494   188000
0.364748603582   190000
0.369590929605   192000
0.36161836797   194000
0.365422702417   196000
0.368876188226   198000
0.368363884158   200000
0.364391041309   202000
0.358764365472   204000
0.355617530257   206000
0.366898416176   208000
0.361226577125   210000
0.360850859884   212000
0.363099600732   214000
0.366468865588   216000
0.369263654061   218000
0.367605247498   220000
0.35584675204   222000
0.35701357162   224000
0.366174661681   226000
0.360764862359   228000
0.362340874605   230000
0.361179202214   232000
0.36099897708   234000
0.366189080082   236000
0.362176272109   238000
0.357607659407   240000
0.36203639181   242000
0.35713672331   244000
0.360278562509   246000
0.360503765956   248000
0.354639477491   250000
0.363967013232   252000
0.358359001763   254000
0.362929128103   256000
0.358759675778   258000
0.3607773683   260000
0.350636611279   262000
0.358862182759   264000
0.35932574182   266000
0.356440016091   268000
0.360857521825   270000
0.354317853905   272000
0.368636030182   274000
0.359278884478   276000
0.350499836825   278000
0.362830566794   280000
0.352807643041   282000
0.360845678523   284000
0.357006129496   286000
0.35748411683   288000
0.357424144745   290000
0.357137361363   292000
0.364723169573   294000
0.358974399239   296000
0.356762103274   298000
0.356927851684   300000
0.357035880193   302000
0.355726304583   304000
0.358116982028   306000
0.354019361049   308000
0.354400536738   310000
0.359868934944   312000
0.35945496282   314000
0.350930521779   316000
0.356922532834   318000
0.357848993555   320000
0.357562108234   322000
0.357975444376   324000
0.352409722604   326000
0.357877245061   328000
0.355021525647   330000
0.364869654864   332000
0.356516954973   334000
0.356645467989   336000
0.346797050856   338000
0.3540842641   340000
0.358112749714   342000
0.352191286899   344000
0.357188403271   346000
0.359619929887   348000
0.363965494066   350000
0.358640396655   352000
0.351001605444   354000
0.360345183849   356000
0.351600285985   358000
0.359233154334   360000
0.356018074773   362000
0.353723901398   364000
0.355802660778   366000
0.34807325954   368000
0.365767860562   370000
0.358207136177   372000
0.351198996395   374000
0.350529796138   376000
0.352901713952   378000
0.347024898238   380000
0.354734182134   382000
0.34955964876   384000
0.350208626844   386000
0.357707855083   388000
0.359956996597   390000
0.352715525985   392000
0.354198739316   394000
0.356109652892   396000
0.355495855466   398000
0.353806712579   400000
0.355391177326   402000
0.353982296448   404000
0.352373133749   406000
0.358057453148   408000
0.358235796541   410000
0.351733262293   412000
0.353512920395   414000
0.348794597082   416000
0.358147991247   418000
0.348093015812   420000
0.355683539569   422000
0.348101510294   424000
0.360890488476   426000
0.358398344047   428000
0.352569215231   430000
0.353457837477   432000
0.35733996933   434000
0.352606532961   436000
0.352243900917   438000
0.347973828763   440000
0.3519351843   442000
0.358575507045   444000
0.356620950826   446000
0.347512449764   448000
0.353146254107   450000
0.350984308653   452000
0.354023666739   454000
0.355503229618   456000
0.356759561494   458000
0.353451843984   460000
0.353550651059   462000
0.352070792541   464000
0.35114059867   466000
0.349136870459   468000
0.347034372937   470000
0.353279881917   472000
0.356156484321   474000
0.348434698485   476000
0.352247531883   478000
0.350665229961   480000
0.350174670883   482000
0.351082048379   484000
0.347114352819   486000
0.353832271025   488000
0.359567964524   490000
0.350237610631   492000
0.352634393178   494000
0.353521271601   496000
0.350385340065   498000
0.346567177162   500000
0.35206805706   502000
0.34838491898   504000
0.353804361388   506000
0.353378096752   508000
0.356804153748   510000
0.352010048367   512000
0.352952322476   514000
0.349651091665   516000
0.348160662346   518000
0.355544285119   520000
0.356483876996   522000
0.356797634542   524000
0.346904407918   526000
0.350592785042   528000
0.349174134746   530000
0.34811141444   532000
0.350497443445   534000
0.347933897074   536000
0.352437339261   538000
0.353525066946   540000
0.355245858714   542000
0.343898923408   544000
0.343108058006   546000
0.347413398094   548000
0.34852345667   550000
0.339757576033   552000
0.354500807837   554000
0.351908017345   556000
0.345488556057   558000
0.355900043741   560000
0.349086405478   562000
0.348892441243   564000
0.34564129284   566000
0.344025819205   568000
0.345678875692   570000
0.346817278512   572000
0.343840631653   574000
0.346469951428   576000
0.349643096171   578000
0.341500988692   580000
0.346996273581   582000
0.345671570737   584000
0.342399531953   586000
0.351701418284   588000
0.344925278191   590000
0.346906318527   592000
0.352080846474   594000
0.34946522709   596000
0.350217102893   598000
0.348894207511   600000
0.352856574379   602000
0.348175543249   604000
0.34653977371   606000
0.350377057843   608000
0.345497627668   610000
0.342393804461   612000
0.3543012015   614000
0.350878747758   616000
0.346914443836   618000
0.347080763392   620000
0.348722355716   622000
0.343286196008   624000
0.349618943982   626000
0.346758872919   628000
0.341867191181   630000
0.340185203221   632000
0.349785079382   634000
0.343494624048   636000
0.345124014489   638000
0.339942340076   640000
0.349643307611   642000
0.34308827623   644000
0.334788210519   646000
0.354253461502   648000
0.332473113976   650000
0.35738961304   652000
0.33977730085   654000
0.354588720031   656000
0.337477941882   658000
0.353111795954   660000
0.343658217914   662000
0.34530775702   664000
0.341648668259   666000
0.350613369353   668000
0.354077424869   670000
0.34430004859   672000
0.344142709017   674000
0.346780056939   676000
0.345571559928   678000
0.344595760841   680000
0.34717166508   682000
0.344178897858   684000
0.348404022615   686000
0.353496072963   688000
0.345092711762   690000
0.344020592347   692000
0.339895608123   694000
0.349024257667   696000
0.34130312416   698000
0.34749830693   700000
0.340401914522   702000
0.345018032804   704000
0.356757480204   706000
0.343701246917   708000
0.343677535199   710000
0.346889864765   712000
0.345417608932   714000
0.34605941242   716000
0.344681911096   718000
0.347485727824   720000
0.342791607004   722000
0.346119735196   724000
0.34593042523   726000
0.342628630258   728000
0.347367868394   730000
0.346455981106   732000
0.340184980541   734000
0.347237461254   736000
0.341489054188   738000
0.345543345109   740000
0.344399542518   742000
0.344654131703   744000
0.345106820777   746000
0.347022065639   748000
0.346040050521   750000
0.345306801088   752000
0.347724818416   754000
0.344704325341   756000
0.349055000633   758000
0.347647620104   760000
0.342406811249   762000
0.344574945264   764000
0.338572501473   766000
0.343526650317   768000
0.347728752799   770000
0.347050131731   772000
0.343490514059   774000
0.34506845846   776000
0.345451865226   778000
0.338753992915   780000
0.34450604257   782000
0.339817230567   784000
0.345416432969   786000
0.337543926615   788000
0.000160066485405   0
0.345816279486   2000
0.352675699912   4000
0.340427129537   6000
0.344786934853   8000
0.348526455708   10000
0.351938808002   12000
0.348378343001   14000
0.349961201124   16000
0.347488538928   18000
0.339998075277   20000
0.347325969011   22000
0.342335006073   24000
0.346796669837   26000
0.343905776061   28000
0.344864093564   30000
0.352018236026   32000
0.349462311082   34000
0.349745038882   36000
0.346340040244   38000
0.341835809402   40000
0.341383538313   42000
0.351132644989   44000
0.341753917761   46000
0.342064074241   48000
0.343045458488   50000
0.341868022732   52000
0.349220948596   54000
0.348702099167   56000
0.340290080227   58000
0.345482324064   60000
0.340615517199   62000
0.342601152763   64000
0.346283572696   66000
0.34139010527   68000
0.347163183354   70000
0.347402076539   72000
0.349031198934   74000
0.346031057768   76000
0.345205569424   78000
0.336810391139   80000
0.343859557286   82000
0.341899159558   84000
0.345701353561   86000
0.339005573008   88000
0.345109215781   90000
0.35095099961   92000
0.336244077887   94000
0.347902729601   96000
0.338303466804   98000
0.349723244727   100000
0.343419712108   102000
0.344772732202   104000
0.328915083494   106000
0.340632300757   108000
0.348731172748   110000
0.351438899279   112000
0.337044972531   114000
0.342227003105   116000
0.341711328588   118000
0.346608534195   120000
0.33910084939   122000
0.339305717755   124000
0.341150587291   126000
0.335647080716   128000
0.346245678388   130000
0.343837556679   132000
0.340003121819   134000
0.342881509531   136000
0.345107102364   138000
0.340608886562   140000
0.3386878004   142000
0.343954386931   144000
0.34586199189   146000
0.343474044248   148000
0.340981763862   150000
0.342555094659   152000
0.338921240818   154000
0.344364156652   156000
0.348288337931   158000
0.341024833396   160000
0.343000094593   162000
0.346532432139   164000
0.345253947698   166000
0.336162465673   168000
0.340720523693   170000
0.338531781245   172000
0.343776135951   174000
0.340533481374   176000
0.342800403837   178000
0.345604889229   180000
0.339177879781   182000
0.35065576952   184000
0.342373137072   186000
0.345499382414   188000
0.345911043897   190000
0.345106460705   192000
0.344485453479   194000
0.341233203087   196000
0.344194528185   198000
0.345943049446   200000
0.346112190254   202000
0.340714786619   204000
0.34457803566   206000
0.344637020346   208000
0.342241690617   210000
0.342042094417   212000
0.342346900608   214000
0.34316072778   216000
0.349259431604   218000
0.347747077055   220000
0.336705710787   222000
0.337965820391   224000
0.347221714228   226000
0.336971904468   228000
0.34100492613   230000
0.34442482885   232000
0.341917103719   234000
0.347112432867   236000
0.342616260834   238000
0.337538274292   240000
0.34032243517   242000
0.340491557125   244000
0.341394305848   246000
0.34105081939   248000
0.336998457078   250000
0.346874316148   252000
0.341167222284   254000
0.348194522858   256000
0.343565928951   258000
0.343577683143   260000
0.341225863133   262000
0.341798994772   264000
0.337115396984   266000
0.338680791847   268000
0.344812204506   270000
0.339379566133   272000
0.348302905984   274000
0.33968835637   276000
0.33667327847   278000
0.339174828194   280000
0.337955961447   282000
0.34270157811   284000
0.33736799328   286000
0.341690139741   288000
0.340652183548   290000
0.338282773823   292000
0.350225062698   294000
0.340735945776   296000
0.337257300239   298000
0.34167177153   300000
0.341874190018   302000
0.33756677407   304000
0.341253141113   306000
0.338429774985   308000
0.337534128938   310000
0.346978286915   312000
0.341067687228   314000
0.337895844389   316000
0.34028414125   318000
0.338537706129   320000
0.339789699227   322000
0.344785048932   324000
0.334295581121   326000
0.344075925022   328000
0.339201675579   330000
0.348145754077   332000
0.336756262343   334000
0.343215932161   336000
0.333997263528   338000
0.339578486614   340000
0.339930919226   342000
0.336605375599   344000
0.34691715268   346000
0.341657851793   348000
0.346785449162   350000
0.344620254554   352000
0.340964535728   354000
0.340801454775   356000
0.339008705653   358000
0.341019373417   360000
0.341170190498   362000
0.338228131123   364000
0.345392157875   366000
0.338243325844   368000
0.348302547097   370000
0.339867010802   372000
0.343067113623   374000
0.339127873786   376000
0.340137289189   378000
0.336689169995   380000
0.345422516629   382000
0.338977846626   384000
0.339441007875   386000
0.347565616056   388000
0.349248655364   390000
0.338256072629   392000
0.342381247677   394000
0.344195908114   396000
0.341518228956   398000
0.338106181584   400000
0.343032930009   402000
0.342009332925   404000
0.343679259479   406000
0.344444959573   408000
0.34475425512   410000
0.337082510184   412000
0.342684964471   414000
0.33588806811   416000
0.346360661253   418000
0.338203090347   420000
0.34337317609   422000
0.342761124417   424000
0.34413178876   426000
0.345149280414   428000
0.344685045324   430000
0.341711579517   432000
0.341200011194   434000
0.337989599138   436000
0.335654444419   438000
0.335518171918   440000
0.34055593124   442000
0.347569968477   444000
0.343766266137   446000
0.339744817011   448000
0.348065460861   450000
0.338741741534   452000
0.34277604707   454000
0.347239422277   456000
0.345691120684   458000
0.340384008907   460000
0.338266236506   462000
0.34353416875   464000
0.337582957942   466000
0.339998243183   468000
0.338187692896   470000
0.339820488755   472000
0.347870049685   474000
0.33736018692   476000
0.341105144262   478000
0.336517371386   480000
0.337482449751   482000
0.33970066826   484000
0.334739067696   486000
0.341061729413   488000
0.344577748649   490000
0.338868662156   492000
0.340903565668   494000
0.342429979656   496000
0.339009345166   498000
0.336497392565   500000
0.340154819462   502000
0.339912428886   504000
0.341692580312   506000
0.345929892112   508000
0.344318066128   510000
0.34328554618   512000
0.342274317898   514000
0.339972821057   516000
0.337030087989   518000
0.344322453767   520000
0.34319759281   522000
0.349202458449   524000
0.341412641756   526000
0.342994376488   528000
0.338442696586   530000
0.340415182274   532000
0.341028654955   534000
0.336728988711   536000
0.338996684592   538000
0.345335408144   540000
0.341106795594   542000
0.337869637206   544000
0.333138641383   546000
0.337447643846   548000
0.338212919787   550000
0.332003645066   552000
0.341127846785   554000
0.338873178869   556000
0.336906143636   558000
0.345856597029   560000
0.335940949224   562000
0.33511362125   564000
0.333695384029   566000
0.335197603598   568000
0.333950383428   570000
0.335535936505   572000
0.333580672026   574000
0.338746891379   576000
0.341553339403   578000
0.33368422341   580000
0.338159344412   582000
0.339432351306   584000
0.334789421253   586000
0.337406441092   588000
0.331640296716   590000
0.335994318645   592000
0.340773510262   594000
0.34105743039   596000
0.342269448772   598000
0.335971800439   600000
0.340440826602   602000
0.338807680242   604000
0.336660194002   606000
0.339744733363   608000
0.337001791976   610000
0.333035991769   612000
0.344761621885   614000
0.340387454625   616000
0.335396186624   618000
0.336528513554   620000
0.337723921761   622000
0.333736456178   624000
0.340969655439   626000
0.329517062522   628000
0.33589712365   630000
0.329866731279   632000
0.340646958396   634000
0.337747369453   636000
0.335540778436   638000
0.326609962776   640000
0.339688198321   642000
0.327461169325   644000
0.327988891356   646000
0.342286935464   648000
0.320518005073   650000
0.349803287327   652000
0.329015152335   654000
0.343626316659   656000
0.332339942332   658000
0.337760485455   660000
0.334150676399   662000
0.338586989775   664000
0.337294541705   666000
0.337664147519   668000
0.340324642092   670000
0.339019977394   672000
0.335707119465   674000
0.337792625017   676000
0.341035477202   678000
0.335880416665   680000
0.337577061385   682000
0.338058836471   684000
0.332863832582   686000
0.345317092501   688000
0.335066663861   690000
0.333945930183   692000
0.3321593634   694000
0.340621943288   696000
0.333451206483   698000
0.341603992783   700000
0.333521350283   702000
0.335261749782   704000
0.345077506706   706000
0.332787938595   708000
0.331641070008   710000
0.339391907267   712000
0.336334561076   714000
0.337840792999   716000
0.33706241937   718000
0.341744831093   720000
0.332931838546   722000
0.339569467515   724000
0.335977722831   726000
0.33538738944   728000
0.338318955466   730000
0.339636026286   732000
0.331724413887   734000
0.338645392779   736000
0.336787585154   738000
0.335350554608   740000
0.337821770094   742000
0.33909730994   744000
0.336905100182   746000
0.339561230153   748000
0.33716702491   750000
0.330794553053   752000
0.341979767896   754000
0.335772813648   756000
0.341431369223   758000
0.343081380017   760000
0.332485205404   762000
0.340838584013   764000
0.335339343056   766000
0.336674287718   768000
0.338225021873   770000
0.331687612303   772000
0.336484135829   774000
0.339938847862   776000
0.33889652415   778000
0.328943627581   780000
0.338034462579   782000
0.330581555184   784000
0.335421253912   786000
0.329705184869   788000
0.000173880413175   0
0.335837088004   2000
0.343119725421   4000
0.336900935218   6000
0.338457213894   8000
0.340337316822   10000
0.343982123524   12000
0.344768663742   14000
0.344537728954   16000
0.340803506017   18000
0.334883109886   20000
0.336933423005   22000
0.334181092136   24000
0.33586798434   26000
0.337317031369   28000
0.335386152014   30000
0.345996040374   32000
0.339859979063   34000
0.341730856929   36000
0.339651948001   38000
0.338177622303   40000
0.332969606053   42000
0.341243875436   44000
0.331950493954   46000
0.336772108965   48000
0.332484637715   50000
0.334666458111   52000
0.341021761235   54000
0.338717370719   56000
0.33092720037   58000
0.333721947163   60000
0.339087543342   62000
0.334244482823   64000
0.342877750538   66000
0.335056120742   68000
0.340193353191   70000
0.341798102565   72000
0.340834189594   74000
0.338502067648   76000
0.33858456666   78000
0.334178165682   80000
0.336828601852   82000
0.334064064167   84000
0.338209483735   86000
0.332583182581   88000
0.334646259643   90000
0.345636337675   92000
0.329353640895   94000
0.339222614869   96000
0.329113612317   98000
0.341875652589   100000
0.333429038059   102000
0.338314521715   104000
0.32124151532   106000
0.333404604368   108000
0.343834849186   110000
0.344193617374   112000
0.328382470522   114000
0.334307504553   116000
0.336062443875   118000
0.336459643114   120000
0.336513715245   122000
0.33477547368   124000
0.337954329118   126000
0.325740481365   128000
0.344140882999   130000
0.334101022471   132000
0.333631465606   134000
0.336575415041   136000
0.334379365388   138000
0.336010810509   140000
0.333615796447   142000
0.33731497385   144000
0.342935691595   146000
0.338364673588   148000
0.335189800479   150000
0.338746387467   152000
0.33403096107   154000
0.337636220463   156000
0.336498846259   158000
0.335486589413   160000
0.341412407599   162000
0.338513092585   164000
0.339056623586   166000
0.335153115738   168000
0.336848129608   170000
0.332802027497   172000
0.335293649018   174000
0.33675601485   176000
0.335563853167   178000
0.339511095494   180000
0.338647183731   182000
0.340612251587   184000
0.336860834911   186000
0.339210715808   188000
0.340040131554   190000
0.337030987427   192000
0.339266272314   194000
0.33566452729   196000
0.338867715482   198000
0.342167046513   200000
0.339564316548   202000
0.336862675626   204000
0.337620468304   206000
0.343351387046   208000
0.335424313765   210000
0.337397442888   212000
0.338841911096   214000
0.337109255057   216000
0.34477616946   218000
0.341450180002   220000
0.331526228011   222000
0.334546849564   224000
0.340023399793   226000
0.333933090296   228000
0.338117681149   230000
0.334869771779   232000
0.334849537175   234000
0.343923013158   236000
0.340205190834   238000
0.337520819981   240000
0.334476952977   242000
0.333793246228   244000
0.335909254588   246000
0.338840336893   248000
0.325717980135   250000
0.343631051086   252000
0.338731420837   254000
0.342149971567   256000
0.337314810745   258000
0.337647319682   260000
0.328754455026   262000
0.339707945876   264000
0.330429275911   266000
0.328822663441   268000
0.335985443942   270000
0.330508532599   272000
0.343404234692   274000
0.339046066314   276000
0.33345386276   278000
0.331152621433   280000
0.331993544653   282000
0.336507619821   284000
0.338569750067   286000
0.334315721393   288000
0.334951572116   290000
0.332199649807   292000
0.345349849626   294000
0.336817502834   296000
0.332182670526   298000
0.331944365624   300000
0.335032816067   302000
0.331771772042   304000
0.335904880747   306000
0.332092840806   308000
0.334905557256   310000
0.338680298273   312000
0.337795698158   314000
0.327744923312   316000
0.336874960877   318000
0.334422183838   320000
0.333704906307   322000
0.338093802564   324000
0.328281869855   326000
0.339928467952   328000
0.335987275664   330000
0.341858121075   332000
0.334528264094   334000
0.339248601131   336000
0.326063365754   338000
0.334900786374   340000
0.333093012244   342000
0.336845160767   344000
0.341174560845   346000
0.335035288624   348000
0.348067865081   350000
0.337006821264   352000
0.333527343642   354000
0.337527122561   356000
0.332031180657   358000
0.336662582867   360000
0.336604093827   362000
0.333239315394   364000
0.340872109212   366000
0.329251141962   368000
0.342357619986   370000
0.335189267389   372000
0.335988359481   374000
0.33482682915   376000
0.335102194056   378000
0.329699959856   380000
0.337362779438   382000
0.332239122178   384000
0.336170770518   386000
0.342749943227   388000
0.342140968248   390000
0.330421162557   392000
0.335212534714   394000
0.338551334329   396000
0.335487575687   398000
0.335323778365   400000
0.33797155533   402000
0.337333946291   404000
0.33708295989   406000
0.338922743484   408000
0.343341457017   410000
0.331263039175   412000
0.338724745121   414000
0.332669471271   416000
0.340417726628   418000
0.332775605112   420000
0.340137334265   422000
0.335282646548   424000
0.341345199525   426000
0.343599238001   428000
0.340422775835   430000
0.338453997374   432000
0.338519722089   434000
0.332446970452   436000
0.332610923577   438000
0.33377971695   440000
0.33506561777   442000
0.341458815005   444000
0.341985811055   446000
0.336421878472   448000
0.341288823895   450000
0.331839516293   452000
0.336244947668   454000
0.346127068214   456000
0.338843377784   458000
0.337965225462   460000
0.333376231715   462000
0.338647529423   464000
0.334546105266   466000
0.335999377966   468000
0.334421634909   470000
0.337119123179   472000
0.345150013521   474000
0.335823962603   476000
0.335480313756   478000
0.335426354073   480000
0.334917999946   482000
0.33918122986   484000
0.332153796777   486000
0.334327112272   488000
0.338895208918   490000
0.335678574063   492000
0.33553870314   494000
0.333874033533   496000
0.335447078869   498000
0.331295696612   500000
0.335428751882   502000
0.337055882104   504000
0.338952527862   506000
0.338286165774   508000
0.339377642289   510000
0.336773488652   512000
0.340802616291   514000
0.334635507427   516000
0.335894860037   518000
0.338311627917   520000
0.336457378201   522000
0.343410249934   524000
0.332258987293   526000
0.334602461554   528000
0.334887423765   530000
0.335194199093   532000
0.334286335498   534000
0.330253881186   536000
0.336596341029   538000
0.339693557654   540000
0.336411628596   542000
0.330868368004   544000
0.326544440042   546000
0.33186078804   548000
0.336111710615   550000
0.325846469756   552000
0.33586142287   554000
0.332112665571   556000
0.330745043661   558000
0.338754980564   560000
0.33213121241   562000
0.331343547214   564000
0.325712163061   566000
0.329403844163   568000
0.33072866511   570000
0.33221205784   572000
0.327483618733   574000
0.33227048894   576000
0.33593057685   578000
0.330415505368   580000
0.333430160675   582000
0.332820391443   584000
0.326500067919   586000
0.332138146147   588000
0.324835164558   590000
0.331218898874   592000
0.335900415663   594000
0.336990256079   596000
0.340544559501   598000
0.330572355989   600000
0.341900479868   602000
0.332909417063   604000
0.334011467218   606000
0.335534456685   608000
0.332066322632   610000
0.3321468895   612000
0.340268963225   614000
0.337731033318   616000
0.328555710539   618000
0.334838487454   620000
0.330977422863   622000
0.326991727434   624000
0.334859419741   626000
0.325267378807   628000
0.332349371992   630000
0.325309452504   632000
0.337313001402   634000
0.330222498633   636000
0.335766804002   638000
0.321641303323   640000
0.334992947362   642000
0.32795083005   644000
0.322473889641   646000
0.338888640508   648000
0.313417287596   650000
0.345484438747   652000
0.323475741707   654000
0.339611869179   656000
0.325472573515   658000
0.333907170318   660000
0.332039154541   662000
0.333192444518   664000
0.331229570933   666000
0.335275320776   668000
0.341872393109   670000
0.333559053272   672000
0.329530004658   674000
0.330943483017   676000
0.33472130543   678000
0.329168890208   680000
0.336705887161   682000
0.333423382193   684000
0.327908346906   686000
0.344967124417   688000
0.335031857826   690000
0.333805900946   692000
0.327587928314   694000
0.337810223602   696000
0.329663136024   698000
0.333968832627   700000
0.32867161113   702000
0.32995835267   704000
0.342293329701   706000
0.328649518449   708000
0.328685255088   710000
0.335080762967   712000
0.330152404569   714000
0.334710007276   716000
0.333749513179   718000
0.333867118433   720000
0.33129327419   722000
0.337337128013   724000
0.332494184323   726000
0.330667578246   728000
0.336522148579   730000
0.334371911854   732000
0.32636792494   734000
0.329485146474   736000
0.332575261474   738000
0.334292220578   740000
0.337185337856   742000
0.333226066992   744000
0.330406602718   746000
0.334589515664   748000
0.333549352966   750000
0.330068944026   752000
0.336572696052   754000
0.32973816441   756000
0.338523586392   758000
0.334764588378   760000
0.328716124136   762000
0.333699127026   764000
0.331772085473   766000
0.333845576487   768000
0.334341006931   770000
0.329821435776   772000
0.330917967595   774000
0.335888923671   776000
0.336474354986   778000
0.330947287936   780000
0.331332387581   782000
0.326575941216   784000
0.331345775977   786000
0.325652321048   788000
0.000229607909918   0
0.332227509636   2000
0.336534694336   4000
0.333444264993   6000
0.336351816073   8000
0.336279528178   10000
0.337611983787   12000
0.336420933861   14000
0.341945840124   16000
0.337875299916   18000
0.32922160051   20000
0.331148115817   22000
0.328657748699   24000
0.329831818618   26000
0.331444600273   28000
0.332352821283   30000
0.337853963569   32000
0.338477842789   34000
0.336993747622   36000
0.33380342311   38000
0.332635183275   40000
0.327591960289   42000
0.33318609792   44000
0.32778203458   46000
0.334059302635   48000
0.330687687285   50000
0.326391571641   52000
0.339284552366   54000
0.333700464129   56000
0.327972745847   58000
0.331052029442   60000
0.329037046801   62000
0.329683146223   64000
0.340105385877   66000
0.330823113006   68000
0.339725040898   70000
0.335136583094   72000
0.33791011937   74000
0.331503358796   76000
0.339036629379   78000
0.326223835357   80000
0.334694401093   82000
0.333512611058   84000
0.331576174319   86000
0.331709692601   88000
0.334649109073   90000
0.338931233577   92000
0.327904405449   94000
0.338992757291   96000
0.325614246275   98000
0.334580475673   100000
0.329690390423   102000
0.330726600952   104000
0.314691692904   106000
0.327430560447   108000
0.344617754281   110000
0.338292272985   112000
0.322789738774   114000
0.333948504984   116000
0.331720485467   118000
0.334174574949   120000
0.331801439352   122000
0.335666739121   124000
0.335580793835   126000
0.320026263081   128000
0.340608236507   130000
0.330938073676   132000
0.32867829226   134000
0.329301385913   136000
0.333581482299   138000
0.330159470495   140000
0.327894237176   142000
0.333743536729   144000
0.338341862693   146000
0.336002380583   148000
0.328829847749   150000
0.332398214653   152000
0.330624143116   154000
0.331430891499   156000
0.334979016662   158000
0.331738982297   160000
0.335904282436   162000
0.333911055919   164000
0.336327992275   166000
0.328539451584   168000
0.333662872732   170000
0.329988636408   172000
0.332077666882   174000
0.331177195627   176000
0.332421120398   178000
0.338815585047   180000
0.333766145475   182000
0.3406415608   184000
0.334469106965   186000
0.336960849643   188000
0.336571934961   190000
0.336895489149   192000
0.335125955775   194000
0.328413137253   196000
0.335423588891   198000
0.336824003067   200000
0.336087304868   202000
0.332638183225   204000
0.332998957511   206000
0.337862766147   208000
0.334544729285   210000
0.334451513335   212000
0.338883907143   214000
0.333751461122   216000
0.33905939512   218000
0.342826042801   220000
0.329984562732   222000
0.331904041566   224000
0.335081103735   226000
0.330588154502   228000
0.334922298003   230000
0.333796455164   232000
0.329960137598   234000
0.341397438198   236000
0.333353168733   238000
0.333545822132   240000
0.331698573872   242000
0.329345611785   244000
0.333404124469   246000
0.333684231527   248000
0.326728832383   250000
0.338417434581   252000
0.330744451594   254000
0.341946213543   256000
0.331978703707   258000
0.334080188967   260000
0.32835915095   262000
0.332992995799   264000
0.324356479939   266000
0.328621826775   268000
0.335083033051   270000
0.327882901277   272000
0.341619493879   274000
0.334951389439   276000
0.325763174154   278000
0.328885251597   280000
0.3304744667   282000
0.330767243296   284000
0.329219178036   286000
0.330099133305   288000
0.332910167005   290000
0.33091234877   292000
0.338739864387   294000
0.329892195635   296000
0.328184979852   298000
0.33010697791   300000
0.333112955518   302000
0.324684606809   304000
0.332563737087   306000
0.32735302864   308000
0.326101333164   310000
0.337729029968   312000
0.335981258556   314000
0.327055018447   316000
0.332133542378   318000
0.328612425372   320000
0.330274453644   322000
0.334524122804   324000
0.32676214793   326000
0.335201792166   328000
0.330469656933   330000
0.341889034703   332000
0.329081093475   334000
0.331707755513   336000
0.32247196405   338000
0.329651146624   340000
0.327844550908   342000
0.333262199856   344000
0.338783263057   346000
0.331219220176   348000
0.342433459535   350000
0.334960731752   352000
0.331991435952   354000
0.333521333601   356000
0.324023945242   358000
0.33217293077   360000
0.331551961072   362000
0.329479989737   364000
0.334318436898   366000
0.325806274705   368000
0.343844278485   370000
0.331917438239   372000
0.333901489221   374000
0.328343411788   376000
0.330416481879   378000
0.327047306497   380000
0.331831017919   382000
0.33023811974   384000
0.3300948916   386000
0.335543237872   388000
0.3405529842   390000
0.331635461766   392000
0.331831003744   394000
0.332577233702   396000
0.332341265254   398000
0.325528969392   400000
0.334996262178   402000
0.332200819958   404000
0.33307868918   406000
0.337321269706   408000
0.336360313717   410000
0.328285505548   412000
0.33380610387   414000
0.328014600337   416000
0.337904638208   418000
0.332196589656   420000
0.333228410989   422000
0.329909159873   424000
0.333533737004   426000
0.336642467253   428000
0.337706971586   430000
0.331345990881   432000
0.330969484501   434000
0.3290950948   436000
0.332615858044   438000
0.329454346895   440000
0.331471465845   442000
0.333602082551   444000
0.33973189351   446000
0.328731638618   448000
0.337271908589   450000
0.32824471315   452000
0.334776066847   454000
0.341914308332   456000
0.33582139241   458000
0.335552749854   460000
0.331065044343   462000
0.337235549077   464000
0.332262187462   466000
0.335302176997   468000
0.329058091469   470000
0.335833189372   472000
0.338278747946   474000
0.332635553032   476000
0.330692591928   478000
0.330224550921   480000
0.328293840785   482000
0.334955784   484000
0.324436123323   486000
0.332832714662   488000
0.338531520762   490000
0.333269973077   492000
0.329953418799   494000
0.331591656476   496000
0.335328199871   498000
0.327696913727   500000
0.333971655134   502000
0.327812682964   504000
0.334383438624   506000
0.336440294504   508000
0.336636364847   510000
0.333256279778   512000
0.338090279602   514000
0.33054676076   516000
0.330531594194   518000
0.334281018861   520000
0.336960701503   522000
0.341828821868   524000
0.331123616435   526000
0.333919975579   528000
0.331110975243   530000
0.329985466331   532000
0.330387584656   534000
0.326867349926   536000
0.330414563965   538000
0.339688615203   540000
0.336272734329   542000
0.331412262179   544000
0.325002441309   546000
0.332312903784   548000
0.330708474182   550000
0.320742486425   552000
0.328986332513   554000
0.332422559317   556000
0.328799330033   558000
0.336015616771   560000
0.328404660717   562000
0.32916537483   564000
0.328229245853   566000
0.327754541837   568000
0.327118880294   570000
0.329755772039   572000
0.32511768315   574000
0.329646038048   576000
0.331904301919   578000
0.32766334692   580000
0.325784632515   582000
0.329280467603   584000
0.326423014253   586000
0.333170531727   588000
0.321978972204   590000
0.325326609578   592000
0.334392825045   594000
0.333153315973   596000
0.340335508674   598000
0.329691667154   600000
0.333463838249   602000
0.329689146087   604000
0.326677569713   606000
0.331313816704   608000
0.335507142302   610000
0.324646240864   612000
0.34033455921   614000
0.332314110275   616000
0.323563119777   618000
0.331327984698   620000
0.328112748966   622000
0.326690983247   624000
0.331051489212   626000
0.322852966342   628000
0.3274751333   630000
0.3194276863   632000
0.336139133736   634000
0.324712163545   636000
0.33302738839   638000
0.320367482953   640000
0.328503067791   642000
0.322868673705   644000
0.3166086969   646000
0.337685205676   648000
0.313914753832   650000
0.344702590249   652000
0.324468052264   654000
0.3390201542   656000
0.320609403517   658000
0.330740051299   660000
0.325530716069   662000
0.331381054275   664000
0.328100978926   666000
0.332954311617   668000
0.337017184474   670000
0.331062090594   672000
0.32879473149   674000
0.328073698338   676000
0.334204028703   678000
0.326923169799   680000
0.331072623417   682000
0.332153462552   684000
0.326136868179   686000
0.341096198313   688000
0.331840002649   690000
0.329014651109   692000
0.318063163579   694000
0.333586587831   696000
0.324664863534   698000
0.327499729827   700000
0.325638623349   702000
0.322587608691   704000
0.34080283431   706000
0.327899298526   708000
0.327958954252   710000
0.332164046429   712000
0.327086387113   714000
0.329495660663   716000
0.333598974049   718000
0.331922146007   720000
0.32204873332   722000
0.335308163315   724000
0.327084193975   726000
0.32740039463   728000
0.332344535816   730000
0.334352172032   732000
0.325784249596   734000
0.332103204347   736000
0.3287612965   738000
0.332916134484   740000
0.333047908057   742000
0.330853929266   744000
0.331452173989   746000
0.330992457896   748000
0.33045423539   750000
0.325302360758   752000
0.336409958519   754000
0.331359331213   756000
0.337024542019   758000
0.335410609774   760000
0.324947783761   762000
0.334157494426   764000
0.329500732094   766000
0.328035319075   768000
0.333271217261   770000
0.329217172582   772000
0.33398227125   774000
0.333994503375   776000
0.332492039509   778000
0.324232995182   780000
0.330558184117   782000
0.326507752698   784000
0.325358800396   786000
0.324414276589   788000
0.000164895951748   0
0.329152234722   2000
0.337556188568   4000
0.328678915542   6000
0.33481924687   8000
0.330105286401   10000
0.333253690444   12000
0.333620899528   14000
0.338693477079   16000
0.336689226463   18000
0.327583655402   20000
0.331532356106   22000
0.326309399769   24000
0.327548088856   26000
0.331919911988   28000
0.330373105582   30000
0.335578882232   32000
0.330466113221   34000
0.333352457803   36000
0.333570725229   38000
0.331735602573   40000
0.321598175533   42000
0.335061739169   44000
0.323181516655   46000
0.328930834942   48000
0.327332285434   50000
0.32682037941   52000
0.335432496686   54000
0.331012071989   56000
0.322994691752   58000
0.327000178382   60000
0.330533742741   62000
0.328500088356   64000
0.335517967813   66000
0.325586833939   68000
0.333336274058   70000
0.333512475565   72000
0.334116371222   74000
0.331495862842   76000
0.332163731843   78000
0.327499882586   80000
0.33296732159   82000
0.326069812208   84000
0.331261729836   86000
0.325713803641   88000
0.33086420662   90000
0.337824070223   92000
0.326061863676   94000
0.336526228808   96000
0.319834284045   98000
0.336802222915   100000
0.326624303643   102000
0.33157666846   104000
0.309297960229   106000
0.331134265177   108000
0.3381451509   110000
0.341572770692   112000
0.32406858946   114000
0.330687423002   116000
0.326262711704   118000
0.333515177336   120000
0.32745322752   122000
0.329054068688   124000
0.331761201419   126000
0.319755434792   128000
0.337796603046   130000
0.330708965715   132000
0.326766475439   134000
0.329380789012   136000
0.333484476354   138000
0.329260864858   140000
0.329618824232   142000
0.331519787662   144000
0.333614819422   146000
0.333488496009   148000
0.328116968688   150000
0.333392567307   152000
0.328871766347   154000
0.334235215619   156000
0.331281229712   158000
0.329585108992   160000
0.33376458244   162000
0.331252262048   164000
0.335245775223   166000
0.329927360885   168000
0.330396284766   170000
0.327503874835   172000
0.332843801528   174000
0.329656350344   176000
0.32929731046   178000
0.334209146515   180000
0.327876818255   182000
0.340937693067   184000
0.334775919847   186000
0.333629987799   188000
0.333199998006   190000
0.33326176697   192000
0.331866574757   194000
0.327463836558   196000
0.334081582509   198000
0.337021445554   200000
0.332708795942   202000
0.332597584076   204000
0.331644214023   206000
0.336440007005   208000
0.331731224991   210000
0.329538834516   212000
0.335218296137   214000
0.334569981605   216000
0.335888114899   218000
0.337082804598   220000
0.327513675552   222000
0.328027406551   224000
0.332844756819   226000
0.32964917751   228000
0.329503673352   230000
0.331552384663   232000
0.327912200745   234000
0.337348205924   236000
0.331070533499   238000
0.330503990494   240000
0.328432076033   242000
0.326014403965   244000
0.327255490605   246000
0.333601905856   248000
0.325314770032   250000
0.335593895689   252000
0.330387287498   254000
0.334931673974   256000
0.330525785342   258000
0.33098632329   260000
0.322587611947   262000
0.332068745106   264000
0.323974713996   266000
0.325557940438   268000
0.328601463541   270000
0.326818471681   272000
0.34288598752   274000
0.331943088718   276000
0.327375474185   278000
0.329247410573   280000
0.327124894023   282000
0.33114148102   284000
0.328387136418   286000
0.327542551167   288000
0.330136738058   290000
0.327886635385   292000
0.342682165146   294000
0.331029320713   296000
0.328441214893   298000
0.33074760351   300000
0.332802226231   302000
0.327535039824   304000
0.328820505515   306000
0.324304014236   308000
0.32652990631   310000
0.336405727107   312000
0.335425196387   314000
0.322987735152   316000
0.329380071048   318000
0.329448441047   320000
0.325961263698   322000
0.332825426534   324000
0.321749808982   326000
0.335474776268   328000
0.327393321149   330000
0.340157052197   332000
0.326704076227   334000
0.330399959102   336000
0.325934093393   338000
0.327604516927   340000
0.324954115625   342000
0.325841798849   344000
0.334153275304   346000
0.329809405006   348000
0.338667098962   350000
0.331730618432   352000
0.32816789671   354000
0.333417482838   356000
0.327269900952   358000
0.332806373797   360000
0.3316817794   362000
0.327830141507   364000
0.332730983973   366000
0.32995822271   368000
0.336957395785   370000
0.330411763601   372000
0.331547116108   374000
0.330216587596   376000
0.327171541914   378000
0.322747455891   380000
0.332195988685   382000
0.328500356786   384000
0.328336885139   386000
0.337180220462   388000
0.340007100724   390000
0.329497074623   392000
0.329292111862   394000
0.329403310023   396000
0.329671054266   398000
0.328348661564   400000
0.338081011295   402000
0.330495628502   404000
0.326985983927   406000
0.335159611676   408000
0.334203564409   410000
0.326647143334   412000
0.330672572613   414000
0.325465334982   416000
0.336273156501   418000
0.327504319217   420000
0.332604539596   422000
0.331199026741   424000
0.333734450944   426000
0.336546367906   428000
0.333752149232   430000
0.327885576524   432000
0.330304033861   434000
0.325892526101   436000
0.330250309657   438000
0.327559170764   440000
0.328466905087   442000
0.334589592218   444000
0.334436995775   446000
0.326809957705   448000
0.335131616831   450000
0.326217158906   452000
0.326883116473   454000
0.3370124989   456000
0.334063854769   458000
0.333463234141   460000
0.32991279082   462000
0.337247571178   464000
0.328141936388   466000
0.330722427122   468000
0.327134397998   470000
0.332400654532   472000
0.335946038142   474000
0.329100296862   476000
0.32839084613   478000
0.32868375634   480000
0.326871925242   482000
0.329858750992   484000
0.32701149565   486000
0.333052310724   488000
0.335194940433   490000
0.33255521708   492000
0.330177015003   494000
0.331880225338   496000
0.334030148268   498000
0.326482677277   500000
0.33006787036   502000
0.327889598187   504000
0.33196851182   506000
0.337621974211   508000
0.33335911566   510000
0.333754406661   512000
0.336238426171   514000
0.329980390053   516000
0.327511256941   518000
0.333038071819   520000
0.336301395476   522000
0.334135240115   524000
0.332464696426   526000
0.331253735088   528000
0.326887155958   530000
0.326854028527   532000
0.328630421862   534000
0.325588042818   536000
0.328510851711   538000
0.332433293801   540000
0.333632500373   542000
0.325963243898   544000
0.322812071219   546000
0.325901884891   548000
0.327815806113   550000
0.319870672923   552000
0.327778469641   554000
0.329593904257   556000
0.324489729006   558000
0.33565936362   560000
0.325937894147   562000
0.323830545425   564000
0.320888212923   566000
0.322541850664   568000
0.323082501188   570000
0.326315034494   572000
0.324453709505   574000
0.327746927544   576000
0.330654232416   578000
0.328332334414   580000
0.327933954872   582000
0.327710217208   584000
0.324179317206   586000
0.331565431688   588000
0.321458346572   590000
0.326380176783   592000
0.332647826705   594000
0.33172700106   596000
0.334051216841   598000
0.325347189732   600000
0.329999555871   602000
0.328317402393   604000
0.32796849357   606000
0.33014609769   608000
0.328245018199   610000
0.322100935265   612000
0.338075210564   614000
0.330731973886   616000
0.320853906114   618000
0.329030620132   620000
0.330102494072   622000
0.324490725376   624000
0.328572508916   626000
0.319497550957   628000
0.325701016344   630000
0.318371957522   632000
0.3316579157   634000
0.324419988092   636000
0.329601767711   638000
0.314429563385   640000
0.331946593612   642000
0.316890058376   644000
0.316331677824   646000
0.327909149937   648000
0.31081955329   650000
0.341368328996   652000
0.317373878263   654000
0.335095102757   656000
0.317709217325   658000
0.329313578516   660000
0.323855373543   662000
0.326194866687   664000
0.326032111801   666000
0.328008755445   668000
0.336349176414   670000
0.327295541428   672000
0.328780984774   674000
0.324009804439   676000
0.331539153866   678000
0.327701937869   680000
0.327340266567   682000
0.32958413244   684000
0.328899630424   686000
0.335818628915   688000
0.327645564467   690000
0.328137921207   692000
0.320824276313   694000
0.334979246244   696000
0.320251497459   698000
0.331319806986   700000
0.322655572925   702000
0.326055260237   704000
0.336260380663   706000
0.327302246265   708000
0.325217441238   710000
0.32857422363   712000
0.327428573836   714000
0.328244706821   716000
0.328322333887   718000
0.32899398309   720000
0.322442556668   722000
0.329194429159   724000
0.32624052405   726000
0.32695142955   728000
0.328711923365   730000
0.330781801559   732000
0.325035129327   734000
0.330511847749   736000
0.328061345037   738000
0.330464413144   740000
0.329247669701   742000
0.331339529686   744000
0.332598486912   746000
0.326699564561   748000
0.331436886802   750000
0.323829265196   752000
0.332977844767   754000
0.326933784105   756000
0.331952621326   758000
0.332296673894   760000
0.3228955939   762000
0.329283226594   764000
0.328082259309   766000
0.32867202761   768000
0.33591433835   770000
0.324409212094   772000
0.32879182604   774000
0.33279626523   776000
0.330943423461   778000
0.320942153133   780000
0.325142139263   782000
0.32168941946   784000
0.327293256201   786000
0.319783299886   788000
0.000212291896343   0
0.326540178422   2000
0.333085484348   4000
0.325416635413   6000
0.328476540517   8000
0.333905035328   10000
0.333709209368   12000
0.333358508479   14000
0.336666081995   16000
0.335606403969   18000
0.325826394945   20000
0.328396736056   22000
0.325466393247   24000
0.327424835656   26000
0.326657297678   28000
0.328850071169   30000
0.330496379219   32000
0.330707157344   34000
0.332547710907   36000
0.329597166583   38000
0.331062376291   40000
0.321661868982   42000
0.330768656753   44000
0.326490303677   46000
0.333034950003   48000
0.323834949687   50000
0.323354191266   52000
0.331988905884   54000
0.330040814035   56000
0.321381329648   58000
0.326859872337   60000
0.324251959126   62000
0.326481390689   64000
0.333355274513   66000
0.323534912691   68000
0.331868573628   70000
0.331602588635   72000
0.333166122183   74000
0.327048001014   76000
0.33152710925   78000
0.322990147408   80000
0.331497478679   82000
0.327373125762   84000
0.330455030598   86000
0.323378819477   88000
0.328397098653   90000
0.336094696805   92000
0.320848722752   94000
0.333650747649   96000
0.319356200077   98000
0.332001194082   100000
0.324356389072   102000
0.328183324035   104000
0.311327598121   106000
0.327826677769   108000
0.338002578713   110000
0.333816823125   112000
0.319989726592   114000
0.329579397898   116000
0.324464658752   118000
0.325963281538   120000
0.326185256138   122000
0.328343808442   124000
0.332310698457   126000
0.316636581037   128000
0.334662837178   130000
0.329001779165   132000
0.323921599645   134000
0.326915243838   136000
0.330455271453   138000
0.326615080487   140000
0.327462930769   142000
0.329287628029   144000
0.333453487903   146000
0.331485311069   148000
0.328933491103   150000
0.331752475269   152000
0.321945731468   154000
0.330963260476   156000
0.330272749744   158000
0.327323576279   160000
0.33075512702   162000
0.327618499927   164000
0.329886292927   166000
0.325738893002   168000
0.330805134524   170000
0.323822163694   172000
0.328817520745   174000
0.329258722674   176000
0.324743241038   178000
0.331865637928   180000
0.326331720591   182000
0.337251032233   184000
0.330817865312   186000
0.333058852367   188000
0.330902248725   190000
0.330255076826   192000
0.329495395996   194000
0.329338773318   196000
0.332744116995   198000
0.33666547529   200000
0.328413659509   202000
0.328606321711   204000
0.328946816266   206000
0.335521393433   208000
0.333196925867   210000
0.32535156285   212000
0.334147974309   214000
0.327501928885   216000
0.333167071346   218000
0.336872408792   220000
0.32841533057   222000
0.32728911354   224000
0.331342316158   226000
0.327356193602   228000
0.330941551819   230000
0.32880723447   232000
0.329696252741   234000
0.337719560646   236000
0.332132384058   238000
0.328537003879   240000
0.330085255954   242000
0.326338037778   244000
0.327862421039   246000
0.329496862113   248000
0.321819921084   250000
0.335516625874   252000
0.326694131084   254000
0.334167994395   256000
0.331290038135   258000
0.331510400087   260000
0.3203860479   262000
0.327193958767   264000
0.318549784839   266000
0.324366463535   268000
0.325595657367   270000
0.322889055192   272000
0.339570922576   274000
0.33034155909   276000
0.323897968527   278000
0.328424201675   280000
0.323795987144   282000
0.327432225682   284000
0.327326042496   286000
0.327729738034   288000
0.328399581663   290000
0.323183460373   292000
0.338194698796   294000
0.329788040519   296000
0.325568884861   298000
0.325522905312   300000
0.328332107328   302000
0.324793715574   304000
0.327083359487   306000
0.321054655496   308000
0.323241874818   310000
0.334573190566   312000
0.333631144896   314000
0.319711480215   316000
0.326117792066   318000
0.325114493452   320000
0.326782606609   322000
0.331901545376   324000
0.324476993006   326000
0.331802039452   328000
0.324883478839   330000
0.337425279461   332000
0.324737460375   334000
0.332848703019   336000
0.322418174118   338000
0.32865483316   340000
0.324070368525   342000
0.323385281399   344000
0.331097813994   346000
0.329130110145   348000
0.338120589241   350000
0.333558926016   352000
0.324340795144   354000
0.326796025943   356000
0.325115638629   358000
0.330339269012   360000
0.326407480359   362000
0.32694255086   364000
0.333146848701   366000
0.323144156933   368000
0.339747408874   370000
0.328721890654   372000
0.325885975331   374000
0.326774445724   376000
0.326883406039   378000
0.321352214593   380000
0.3322787093   382000
0.326128481783   384000
0.326530083619   386000
0.335757202014   388000
0.33379306943   390000
0.329643695448   392000
0.331981612876   394000
0.326245815307   396000
0.330228993393   398000
0.325607540112   400000
0.334744804852   402000
0.33024248521   404000
0.325966685768   406000
0.332074825421   408000
0.3333868962   410000
0.323241912179   412000
0.328896570265   414000
0.32599506196   416000
0.336566154562   418000
0.326689879455   420000
0.331354462758   422000
0.328626767319   424000
0.328074104432   426000
0.332677925617   428000
0.331983531937   430000
0.327478715196   432000
0.329821053073   434000
0.326460166004   436000
0.326444751032   438000
0.326798568066   440000
0.327274731342   442000
0.331927852802   444000
0.33380165115   446000
0.326577335186   448000
0.335840490125   450000
0.325914996419   452000
0.328956442077   454000
0.336055218644   456000
0.33667064897   458000
0.330266900014   460000
0.327679739185   462000
0.332337858401   464000
0.325350344252   466000
0.328064155608   468000
0.325556197133   470000
0.33221854008   472000
0.339204246201   474000
0.32769889332   476000
0.324776140213   478000
0.32765978172   480000
0.325171944842   482000
0.33112335366   484000
0.321937400367   486000
0.328194471914   488000
0.332795902528   490000
0.330956687525   492000
0.328598058455   494000
0.328573447198   496000
0.331035604432   498000
0.32472058969   500000
0.328036278721   502000
0.327273623329   504000
0.33328257522   506000
0.333876183458   508000
0.332782316498   510000
0.331596326508   512000
0.332585876711   514000
0.329824521858   516000
0.327803611133   518000
0.331595255554   520000
0.33270056466   522000
0.335143278897   524000
0.326326931793   526000
0.329125939876   528000
0.326929041006   530000
0.32567372074   532000
0.327393453307   534000
0.323441584483   536000
0.328364791643   538000
0.333680325031   540000
0.328947026931   542000
0.323426809475   544000
0.321644739147   546000
0.327560579676   548000
0.32755650235   550000
0.319371794093   552000
0.327574829634   554000
0.328665597007   556000
0.321505008165   558000
0.334836128037   560000
0.324705844611   562000
0.323069486335   564000
0.316827177819   566000
0.32276952441   568000
0.321125960164   570000
0.322576594912   572000
0.317082072828   574000
0.32903843981   576000
0.325703699879   578000
0.32535828523   580000
0.321854280353   582000
0.3255563928   584000
0.319781788124   586000
0.331559331089   588000
0.320899679676   590000
0.324297573976   592000
0.327358517155   594000
0.330530217472   596000
0.335869067207   598000
0.321681745101   600000
0.329833404809   602000
0.328801113151   604000
0.325339952901   606000
0.327464305378   608000
0.32945965929   610000
0.321047615163   612000
0.337043070562   614000
0.329536713876   616000
0.320998753235   618000
0.327311076671   620000
0.326168306619   622000
0.323620004147   624000
0.327407561041   626000
0.320897408228   628000
0.324377715774   630000
0.316107770976   632000
0.328563134346   634000
0.321661389079   636000
0.331725603104   638000
0.312740484092   640000
0.325080672767   642000
0.319542240009   644000
0.312940112803   646000
0.331357933521   648000
0.307229536943   650000
0.340241866574   652000
0.318872824356   654000
0.33515891768   656000
0.320714596093   658000
0.330003452547   660000
0.324276358861   662000
0.327636276826   664000
0.321461823341   666000
0.329505577929   668000
0.333109722033   670000
0.32475174357   672000
0.322068359949   674000
0.323970970828   676000
0.329202479888   678000
0.322532823414   680000
0.326753329348   682000
0.324844989575   684000
0.322577579319   686000
0.334941704348   688000
0.328313791983   690000
0.326237794746   692000
0.317918297648   694000
0.33079485485   696000
0.321217900626   698000
0.329269768782   700000
0.321532707062   702000
0.321553235751   704000
0.338608900994   706000
0.320929041388   708000
0.324183060396   710000
0.322601164646   712000
0.326284027386   714000
0.325252094284   716000
0.326356340155   718000
0.328998602509   720000
0.319603323925   722000
0.328630096801   724000
0.325977513652   726000
0.325563087389   728000
0.324190583058   730000
0.328748270266   732000
0.3215773708   734000
0.328241925165   736000
0.327317384269   738000
0.328535644747   740000
0.325178627312   742000
0.329973150596   744000
0.32714320495   746000
0.330071221188   748000
0.329392295651   750000
0.323131282557   752000
0.331296931922   754000
0.331388653658   756000
0.335827254787   758000
0.325550453022   760000
0.32530145001   762000
0.330385740727   764000
0.324894057903   766000
0.325542801157   768000
0.330689578965   770000
0.321193486303   772000
0.325882406462   774000
0.329723531418   776000
0.32744462239   778000
0.321090706617   780000
0.32392273701   782000
0.32155762453   784000
0.325063434109   786000
0.318762307964   788000
0.000197039395571   0
0.324686687466   2000
0.333834117942   4000
0.32561538237   6000
0.330998587195   8000
0.332044471797   10000
0.333372502405   12000
0.327842123643   14000
0.334798006892   16000
0.335742027946   18000
0.319596915506   20000
0.328397638109   22000
0.325184658527   24000
0.325240691822   26000
0.32617376098   28000
0.325968982931   30000
0.334375386894   32000
0.331598446615   34000
0.332946819477   36000
0.329270968676   38000
0.325804393426   40000
0.321612920295   42000
0.326901626676   44000
0.321526199769   46000
0.328132349618   48000
0.322226070601   50000
0.322443499785   52000
0.329606407169   54000
0.331102799237   56000
0.32245980962   58000
0.325045163047   60000
0.325353458259   62000
0.321562229514   64000
0.33602734004   66000
0.319875014339   68000
0.330517996646   70000
0.329406131178   72000
0.33341142711   74000
0.326685385741   76000
0.329146346167   78000
0.324644347072   80000
0.327573028617   82000
0.324898489874   84000
0.329600225635   86000
0.321612154543   88000
0.323645474348   90000
0.333551500574   92000
0.320746645499   94000
0.331770234644   96000
0.320937575035   98000
0.32997241516   100000
0.321877571747   102000
0.329911835145   104000
0.305738894641   106000
0.324289987542   108000
0.336302536339   110000
0.330318080038   112000
0.318394953851   114000
0.325258714125   116000
0.326008363653   118000
0.327652557611   120000
0.322349064231   122000
0.325278142266   124000
0.327945456155   126000
0.314490718305   128000
0.336771131895   130000
0.328310630661   132000
0.321738995962   134000
0.327014258096   136000
0.324798592392   138000
0.324880142309   140000
0.324155148534   142000
0.328152661707   144000
0.332703553714   146000
0.329939143304   148000
0.32656275722   150000
0.329536452048   152000
0.324174754754   154000
0.327500889946   156000
0.327922137111   158000
0.325287641011   160000
0.326759988077   162000
0.330955861889   164000
0.330475765646   166000
0.318801466096   168000
0.328321669895   170000
0.322551233936   172000
0.32659371398   174000
0.325881729364   176000
0.326780114524   178000
0.328082598157   180000
0.326675090484   182000
0.334272306152   184000
0.328144169353   186000
0.326967171885   188000
0.330910554007   190000
0.325928744331   192000
0.326828657728   194000
0.326284422982   196000
0.329429795314   198000
0.331569181595   200000
0.329465159453   202000
0.325792630177   204000
0.326199842922   206000
0.329372807406   208000
0.327133643314   210000
0.325871103201   212000
0.33168890145   214000
0.33096668005   216000
0.331674905341   218000
0.336184941135   220000
0.322040376134   222000
0.323155539948   224000
0.332306790471   226000
0.322959255349   228000
0.331012829602   230000
0.327855024733   232000
0.322745851342   234000
0.336940622203   236000
0.329109555468   238000
0.325693869751   240000
0.325416586205   242000
0.322473070178   244000
0.327385033678   246000
0.328253762785   248000
0.319803594775   250000
0.332345501989   252000
0.329068072755   254000
0.334912652008   256000
0.330727046102   258000
0.326809456684   260000
0.32297097248   262000
0.326534993254   264000
0.319955879908   266000
0.323156035453   268000
0.32448581811   270000
0.322833500445   272000
0.33649069421   274000
0.328390304543   276000
0.322716774262   278000
0.327774519593   280000
0.321487800613   282000
0.325135184556   284000
0.324873141192   286000
0.327760139599   288000
0.328217763554   290000
0.323956467073   292000
0.337584483854   294000
0.327158279195   296000
0.321750780441   298000
0.32391649821   300000
0.326619609773   302000
0.319603649169   304000
0.325522744402   306000
0.323204128824   308000
0.32418721693   310000
0.331715608411   312000
0.335017238371   314000
0.319483320951   316000
0.324370091956   318000
0.325229218185   320000
0.326060203858   322000
0.32735614863   324000
0.320926275507   326000
0.328223714121   328000
0.322055444602   330000
0.336169435553   332000
0.319654280659   334000
0.325126792617   336000
0.320870902479   338000
0.323523537029   340000
0.322167133387   342000
0.322211816851   344000
0.330496830054   346000
0.324701227255   348000
0.338680449627   350000
0.326597510032   352000
0.32553314051   354000
0.326206139717   356000
0.321635647025   358000
0.323496003255   360000
0.326104482926   362000
0.326734239083   364000
0.329442951024   366000
0.324328705776   368000
0.335020779043   370000
0.327101881284   372000
0.328440605886   374000
0.321910157114   376000
0.326239097487   378000
0.321772776913   380000
0.326531661294   382000
0.323007314418   384000
0.32818011057   386000
0.332505394489   388000
0.335246587537   390000
0.321648142725   392000
0.330863447502   394000
0.327145961612   396000
0.324513493419   398000
0.32447945711   400000
0.330026336029   402000
0.328273910265   404000
0.329029087923   406000
0.329964005206   408000
0.332736886952   410000
0.322265261546   412000
0.326634013649   414000
0.32117527768   416000
0.334728742562   418000
0.327624716848   420000
0.330450964138   422000
0.32701264086   424000
0.32749898278   426000
0.333335794855   428000
0.329023941807   430000
0.328000043258   432000
0.331509342358   434000
0.325822049964   436000
0.326005910039   438000
0.319704560645   440000
0.324322464585   442000
0.331880147606   444000
0.332287343107   446000
0.325143306673   448000
0.33247826454   450000
0.321159749407   452000
0.327245174877   454000
0.336033753805   456000
0.330605666339   458000
0.332428698964   460000
0.329008542173   462000
0.333287437826   464000
0.3240973427   466000
0.3303373693   468000
0.323509676784   470000
0.328430856597   472000
0.336969649263   474000
0.329646938574   476000
0.32460460015   478000
0.327764854096   480000
0.323343785103   482000
0.329195971683   484000
0.319813030105   486000
0.327390378434   488000
0.331289858267   490000
0.327419502676   492000
0.321122168891   494000
0.325133618347   496000
0.330406142496   498000
0.325711235806   500000
0.329942508012   502000
0.323973686535   504000
0.328274727069   506000
0.331870248809   508000
0.32983742629   510000
0.326963971097   512000
0.329458173431   514000
0.327111085363   516000
0.327032458398   518000
0.327780681945   520000
0.332368645288   522000
0.33400355757   524000
0.324442531705   526000
0.325351622112   528000
0.326627300572   530000
0.325361378226   532000
0.329180134311   534000
0.324502021126   536000
0.327882722246   538000
0.330034353286   540000
0.328739980258   542000
0.32486401011   544000
0.322161935981   546000
0.322643736366   548000
0.32518897675   550000
0.316059001442   552000
0.324843298536   554000
0.323943130929   556000
0.322616641734   558000
0.331391267072   560000
0.323195271775   562000
0.320068226572   564000
0.317248878524   566000
0.319144656427   568000
0.317145614225   570000
0.322951414093   572000
0.321817912575   574000
0.323903044716   576000
0.324081396602   578000
0.323063390601   580000
0.321196681991   582000
0.327867669512   584000
0.317646966286   586000
0.328642255269   588000
0.317889560234   590000
0.321961275049   592000
0.329528128043   594000
0.325305014037   596000
0.332721472986   598000
0.321210596643   600000
0.326936641753   602000
0.325847824357   604000
0.323390774861   606000
0.327599194195   608000
0.323732938431   610000
0.319332858458   612000
0.332331298873   614000
0.327085247602   616000
0.320095138635   618000
0.327418051437   620000
0.323834487777   622000
0.320863653809   624000
0.327647326842   626000
0.31993482035   628000
0.321365648165   630000
0.317500565864   632000
0.331644307993   634000
0.322196554244   636000
0.326878701206   638000
0.313374279182   640000
0.327018011432   642000
0.315227417216   644000
0.309596060399   646000
0.334235846076   648000
0.307365847476   650000
0.334975808538   652000
0.312796680056   654000
0.32535690473   656000
0.312685878545   658000
0.325691943377   660000
0.321119069528   662000
0.326494242363   664000
0.321850425988   666000
0.329618522495   668000
0.333378764711   670000
0.325317937113   672000
0.322418566849   674000
0.323782737374   676000
0.325302792843   678000
0.321081629133   680000
0.323523493841   682000
0.329471347515   684000
0.320271889295   686000
0.336650445819   688000
0.326233315133   690000
0.328511418894   692000
0.319020063128   694000
0.326362477534   696000
0.321531307977   698000
0.325129694916   700000
0.317721442956   702000
0.320834972799   704000
0.336936822064   706000
0.321549556203   708000
0.320558209937   710000
0.323319439389   712000
0.324564809434   714000
0.325575276446   716000
0.327296651639   718000
0.327152505562   720000
0.319931377921   722000
0.325969283551   724000
0.327144614547   726000
0.322697637562   728000
0.32462182479   730000
0.327054158293   732000
0.321038276099   734000
0.327239110891   736000
0.32351324667   738000
0.325511969715   740000
0.324547177404   742000
0.329753266551   744000
0.327957966059   746000
0.325062160976   748000
0.326734121859   750000
0.322422588665   752000
0.327070608325   754000
0.327301491722   756000
0.330830514461   758000
0.326726810075   760000
0.324833136659   762000
0.327334177345   764000
0.325932676777   766000
0.32674037341   768000
0.328556584653   770000
0.32351458741   772000
0.327460554592   774000
0.328874412969   776000
0.325035982423   778000
0.316113919709   780000
0.323457062036   782000
0.318570859779   784000
0.322886393353   786000
0.317439315595   788000
0.00015997672081   0
0.324210678965   2000
0.3342151246   4000
0.322958444003   6000
0.32848147697   8000
0.328318670083   10000
0.330709774233   12000
0.325463498052   14000
0.329280449484   16000
0.330441417255   18000
0.32205840021   20000
0.323780074991   22000
0.324848940335   24000
0.325594196405   26000
0.319850942101   28000
0.326344252016   30000
0.331728904821   32000
0.328560135458   34000
0.329022903115   36000
0.324229294814   38000
0.327830718085   40000
0.321427622389   42000
0.325433399022   44000
0.323802699093   46000
0.325744822092   48000
0.321551851027   50000
0.325849486686   52000
0.331668696435   54000
0.324488003552   56000
0.319166682106   58000
0.323987596523   60000
0.32308799142   62000
0.322915754411   64000
0.330452380873   66000
0.320769597489   68000
0.329459901057   70000
0.329553324394   72000
0.333032406598   74000
0.327398989774   76000
0.329694727845   78000
0.319649956305   80000
0.328719897442   82000
0.323423538171   84000
0.329396311551   86000
0.320012339454   88000
0.323161780775   90000
0.330408584617   92000
0.31933512722   94000
0.331624482706   96000
0.315111949418   98000
0.32838984976   100000
0.319737669773   102000
0.325309942424   104000
0.307094608638   106000
0.320879274845   108000
0.333437230356   110000
0.333707828403   112000
0.316352445763   114000
0.325117434729   116000
0.321088684782   118000
0.326444304962   120000
0.321959883045   122000
0.324233917791   124000
0.327336647287   126000
0.313836851811   128000
0.335004893452   130000
0.322874839254   132000
0.320607693586   134000
0.324855750769   136000
0.326121158686   138000
0.321309603956   140000
0.318124195136   142000
0.327445187867   144000
0.3313589397   146000
0.329176701844   148000
0.322366356671   150000
0.329907584831   152000
0.32230838345   154000
0.330414031245   156000
0.32881343114   158000
0.323654851051   160000
0.327476547495   162000
0.328301880594   164000
0.331558865204   166000
0.322801706657   168000
0.327257463865   170000
0.321080152053   172000
0.326052526958   174000
0.325598982453   176000
0.323789269511   178000
0.330506050371   180000
0.326681531262   182000
0.331896163076   184000
0.325957953259   186000
0.326120147966   188000
0.329814587176   190000
0.327980484642   192000
0.327657467224   194000
0.324163453925   196000
0.328699027058   198000
0.329752200332   200000
0.32946215988   202000
0.324194798965   204000
0.326915705547   206000
0.329381435968   208000
0.327440594956   210000
0.326015724149   212000
0.331177292868   214000
0.329039880555   216000
0.329447023958   218000
0.333346615277   220000
0.322121255547   222000
0.324917344153   224000
0.328811830565   226000
0.32563721019   228000
0.326867420673   230000
0.326270319972   232000
0.326210076198   234000
0.334620419405   236000
0.32698457681   238000
0.326870531067   240000
0.320637065705   242000
0.323150236044   244000
0.325518609118   246000
0.325148365024   248000
0.319827657361   250000
0.330461147271   252000
0.324110521812   254000
0.33251427529   256000
0.324652543183   258000
0.323788733676   260000
0.320367012311   262000
0.325779691987   264000
0.3187758663   266000
0.317948520467   268000
0.325088321086   270000
0.32056400514   272000
0.334900514551   274000
0.327879030794   276000
0.31743368886   278000
0.325139673281   280000
0.320162104763   282000
0.324339715138   284000
0.325761973478   286000
0.32425277622   288000
0.328370095871   290000
0.320008524429   292000
0.332442097723   294000
0.326531152669   296000
0.324651410464   298000
0.325826082367   300000
0.326318046443   302000
0.320927407708   304000
0.326721013159   306000
0.318584931884   308000
0.320023224749   310000
0.332137691036   312000
0.328782874666   314000
0.31993438616   316000
0.323905485023   318000
0.322878807709   320000
0.321150969554   322000
0.3261065327   324000
0.32257842261   326000
0.329186687484   328000
0.322993349306   330000
0.333405435517   332000
0.323723705754   334000
0.326765840381   336000
0.317755155049   338000
0.321849250987   340000
0.32093234073   342000
0.322901219841   344000
0.327773846969   346000
0.325013770808   348000
0.336887043998   350000
0.329969266329   352000
0.325218763292   354000
0.324176042758   356000
0.320943668026   358000
0.325296859786   360000
0.323796220824   362000
0.324131110616   364000
0.330457977138   366000
0.323783636447   368000
0.332624081798   370000
0.324253279872   372000
0.327517100871   374000
0.324712565497   376000
0.326688123181   378000
0.321952798925   380000
0.325644723818   382000
0.322258144896   384000
0.324452254526   386000
0.334787869394   388000
0.334361649945   390000
0.321484676767   392000
0.324092545584   394000
0.328526088879   396000
0.324445218876   398000
0.322264576256   400000
0.330604538552   402000
0.325160114087   404000
0.324685955536   406000
0.325705575932   408000
0.330729650613   410000
0.321737360466   412000
0.324996453207   414000
0.32452961807   416000
0.330785113372   418000
0.324252208728   420000
0.331236327447   422000
0.32338206229   424000
0.324986019209   426000
0.328280725602   428000
0.329544074506   430000
0.32395433655   432000
0.326766487725   434000
0.321806537945   436000
0.32366871516   438000
0.321581451371   440000
0.32290523291   442000
0.332275768638   444000
0.327996338125   446000
0.324132558793   448000
0.332785892159   450000
0.319379620746   452000
0.328722508006   454000
0.337368967466   456000
0.329640172414   458000
0.330005077116   460000
0.325164293617   462000
0.329291464821   464000
0.322651453964   466000
0.327584573731   468000
0.321137122463   470000
0.325780514754   472000
0.33433500202   474000
0.323730113026   476000
0.331916011982   478000
0.325976762824   480000
0.324033782039   482000
0.330056940146   484000
0.321475726839   486000
0.327098008737   488000
0.332692456879   490000
0.329368979022   492000
0.324040265188   494000
0.326212397061   496000
0.326853996731   498000
0.323756448466   500000
0.325017938454   502000
0.32408509551   504000
0.332753439069   506000
0.331060211442   508000
0.3324078926   510000
0.327874315016   512000
0.327930198953   514000
0.324672126103   516000
0.325634713445   518000
0.328290376589   520000
0.332158336632   522000
0.330827816054   524000
0.32420898512   526000
0.327426232513   528000
0.322525908237   530000
0.322015265923   532000
0.327502274491   534000
0.321268384483   536000
0.324999614637   538000
0.330509539764   540000
0.327396413192   542000
0.319412288047   544000
0.318374591976   546000
0.321345319916   548000
0.327925136708   550000
0.3152320043   552000
0.324106407121   554000
0.325725506328   556000
0.320285270885   558000
0.328516639922   560000
0.322275392022   562000
0.321205291986   564000
0.316149912998   566000
0.317130834423   568000
0.320683586918   570000
0.324383280661   572000
0.316949764155   574000
0.324810435154   576000
0.322039515834   578000
0.3203591135   580000
0.320327027146   582000
0.319736482471   584000
0.318370567538   586000
0.323994738583   588000
0.315306734804   590000
0.321270511746   592000
0.327140835958   594000
0.326696443971   596000
0.33171357128   598000
0.321019440021   600000
0.326802276582   602000
0.323741588458   604000
0.318997970838   606000
0.325391496804   608000
0.325575653464   610000
0.321229221478   612000
0.32890255893   614000
0.32532981433   616000
0.320327181011   618000
0.322773434807   620000
0.321758378156   622000
0.317679817718   624000
0.327009972237   626000
0.316697597623   628000
0.322698882543   630000
0.315326460734   632000
0.324758415323   634000
0.319701845832   636000
0.326440884758   638000
0.308727659158   640000
0.323341130309   642000
0.315491087124   644000
0.310502082221   646000
0.328838242024   648000
0.302902893871   650000
0.336093646839   652000
0.314112326041   654000
0.326473520033   656000
0.312555198546   658000
0.324887206063   660000
0.322998302795   662000
0.326712318681   664000
0.320848015558   666000
0.328105449006   668000
0.332626637548   670000
0.322252842031   672000
0.322497962236   674000
0.318627838872   676000
0.327539635286   678000
0.320346161958   680000
0.322895941399   682000
0.325152824648   684000
0.318381173491   686000
0.336840414308   688000
0.323616078988   690000
0.325396143727   692000
0.317755399127   694000
0.327238676567   696000
0.318803726092   698000
0.324050670721   700000
0.317225646686   702000
0.318438507888   704000
0.334205567718   706000
0.321967731033   708000
0.32205067867   710000
0.323883557573   712000
0.320978490908   714000
0.320438605424   716000
0.326502403356   718000
0.327513584204   720000
0.315959183693   722000
0.324174212687   724000
0.325864814557   726000
0.320810218632   728000
0.326906958167   730000
0.328777662061   732000
0.31949246804   734000
0.325875551634   736000
0.322220851079   738000
0.322562229536   740000
0.328401380435   742000
0.327009322345   744000
0.321552130099   746000
0.326361773659   748000
0.327122814164   750000
0.320094347071   752000
0.32634440697   754000
0.325471573643   756000
0.327928483263   758000
0.328273981147   760000
0.321228167128   762000
0.322171715952   764000
0.324007377032   766000
0.32494982538   768000
0.327657392614   770000
0.320366415735   772000
0.325330396354   774000
0.328346946873   776000
0.3270675334   778000
0.318103401147   780000
0.325336955003   782000
0.316817297895   784000
0.319432102345   786000
0.315804146744   788000
0.000252158403397   0
0.322212050214   2000
0.330680263177   4000
0.317947437331   6000
0.328059586827   8000
0.329897924006   10000
0.329108308759   12000
0.329618921276   14000
0.332945449833   16000
0.335084153995   18000
0.316091221355   20000
0.325124730058   22000
0.321599527679   24000
0.323263121441   26000
0.322178698014   28000
0.324590851896   30000
0.330660520978   32000
0.326947889008   34000
0.325868316162   36000
0.320563526198   38000
0.325300191782   40000
0.317988755025   42000
0.330975173727   44000
0.319380974319   46000
0.323726574063   48000
0.320877897467   50000
0.322206046149   52000
0.328495446362   54000
0.324662261382   56000
0.321294627905   58000
0.322791211884   60000
0.32046936499   62000
0.319949869953   64000
0.327204770572   66000
0.320626813389   68000
0.327806351349   70000
0.326464014422   72000
0.332296190917   74000
0.322951865621   76000
0.32847987587   78000
0.320820859764   80000
0.326754498526   82000
0.323420194633   84000
0.328372195221   86000
0.319139320064   88000
0.321673468262   90000
0.330697792791   92000
0.318422400769   94000
0.329726606905   96000
0.312407932304   98000
0.330049729086   100000
0.319687149815   102000
0.325563416243   104000
0.30631639614   106000
0.320159570113   108000
0.333416546471   110000
0.327922165267   112000
0.315752082119   114000
0.322800050762   116000
0.324757984366   118000
0.323095817659   120000
0.322783940367   122000
0.324006429188   124000
0.326357942596   126000
0.313218057243   128000
0.329851840824   130000
0.323386135973   132000
0.319453413907   134000
0.321017349117   136000
0.326478527125   138000
0.322575318404   140000
0.32270566906   142000
0.322814883363   144000
0.333268904395   146000
0.32743854741   148000
0.321253510233   150000
0.325760719448   152000
0.321984303307   154000
0.326613227159   156000
0.325980471458   158000
0.321697723988   160000
0.326237105638   162000
0.327345471825   164000
0.328152876876   166000
0.320555806492   168000
0.324438638303   170000
0.320779242665   172000
0.322957029343   174000
0.324857907224   176000
0.321824862503   178000
0.328013879821   180000
0.322475465417   182000
0.32917902749   184000
0.325060431466   186000
0.326736767717   188000
0.327189959705   190000
0.326619712479   192000
0.3255750857   194000
0.324225828782   196000
0.328300974078   198000
0.330010063596   200000
0.327781844907   202000
0.323229300652   204000
0.325607303087   206000
0.32790736765   208000
0.324935196739   210000
0.323207826175   212000
0.327098062675   214000
0.327479167454   216000
0.331689278536   218000
0.332726631664   220000
0.320782316405   222000
0.323715353649   224000
0.33256780649   226000
0.323729120869   228000
0.326434198558   230000
0.327126113519   232000
0.321111205429   234000
0.334004183426   236000
0.329686840132   238000
0.320109258048   240000
0.325241150733   242000
0.321838649724   244000
0.321507555202   246000
0.326781944651   248000
0.315848484304   250000
0.327949421711   252000
0.326400528915   254000
0.331482188597   256000
0.325071807016   258000
0.324614422262   260000
0.316248100072   262000
0.320294580348   264000
0.31656427243   266000
0.321554061644   268000
0.323236316416   270000
0.317546065018   272000
0.334762245379   274000
0.325686496377   276000
0.318685220823   278000
0.32244812483   280000
0.323395896144   282000
0.322483176604   284000
0.321297205649   286000
0.326290225908   288000
0.324648153014   290000
0.32287568571   292000
0.332495274387   294000
0.322555729631   296000
0.324170385234   298000
0.320439456269   300000
0.323599896029   302000
0.32111947779   304000
0.322528547686   306000
0.318832553361   308000
0.323092847526   310000
0.332686474066   312000
0.328913862713   314000
0.317494420132   316000
0.324494155649   318000
0.322162226867   320000
0.319447547644   322000
0.324808437772   324000
0.320739914462   326000
0.326054178067   328000
0.320460092202   330000
0.337433723584   332000
0.318787421465   334000
0.327384710833   336000
0.314721486889   338000
0.321139538281   340000
0.319340784591   342000
0.321183852103   344000
0.325381376937   346000
0.324491610829   348000
0.332679997593   350000
0.330009761356   352000
0.320090022177   354000
0.324797245473   356000
0.321490354098   358000
0.325162273392   360000
0.322696665481   362000
0.32311414073   364000
0.327560553879   366000
0.318114972994   368000
0.333417229578   370000
0.327945482668   372000
0.323360181779   374000
0.325186264787   376000
0.320630499538   378000
0.318669450078   380000
0.322976681918   382000
0.32003913644   384000
0.324711866233   386000
0.329809308335   388000
0.334342939422   390000
0.324066396583   392000
0.324243700206   394000
0.324610428393   396000
0.325888025194   398000
0.321484297462   400000
0.327686875209   402000
0.323478262335   404000
0.325124477204   406000
0.326928882185   408000
0.328133095022   410000
0.317604494296   412000
0.328324704815   414000
0.323853642393   416000
0.331946326122   418000
0.322822507877   420000
0.331661870144   422000
0.323674537953   424000
0.329886044443   426000
0.327548299257   428000
0.330147068895   430000
0.323624119885   432000
0.327447869949   434000
0.323065975662   436000
0.322821341343   438000
0.322022145264   440000
0.319970346887   442000
0.331465313163   444000
0.328087737344   446000
0.324696877427   448000
0.33236780718   450000
0.324253998991   452000
0.324522913326   454000
0.332969457753   456000
0.329345865458   458000
0.327167647161   460000
0.323564734422   462000
0.3312304153   464000
0.322894763041   466000
0.326514414512   468000
0.322089997351   470000
0.324755412351   472000
0.330910194106   474000
0.32410383625   476000
0.327868229769   478000
0.325302284852   480000
0.320078829426   482000
0.329183259934   484000
0.317128312871   486000
0.325195856567   488000
0.329172131941   490000
0.327706298888   492000
0.325854734298   494000
0.324111710735   496000
0.326221870467   498000
0.319563067824   500000
0.324023282535   502000
0.32305473486   504000
0.328257533439   506000
0.329509256959   508000
0.329083051898   510000
0.324573477022   512000
0.32791061876   514000
0.325049703896   516000
0.324291965004   518000
0.32783850722   520000
0.328287483379   522000
0.333319783799   524000
0.322866447374   526000
0.32446252789   528000
0.321880281247   530000
0.322955849063   532000
0.325852089837   534000
0.31934533922   536000
0.32390745059   538000
0.328356505267   540000
0.327806951948   542000
0.316910327595   544000
0.317033753924   546000
0.32249844341   548000
0.324467746064   550000
0.317257372897   552000
0.32411848703   554000
0.324656139407   556000
0.316847695995   558000
0.329898643214   560000
0.319593421359   562000
0.320496320266   564000
0.314287146833   566000
0.318582351476   568000
0.320127984237   570000
0.319359208032   572000
0.316328225117   574000
0.323841658868   576000
0.322409979161   578000
0.320247579016   580000
0.319618742742   582000
0.323616549157   584000
0.315691223327   586000
0.329110639486   588000
0.316454980468   590000
0.31683488654   592000
0.328790061366   594000
0.323125702836   596000
0.330352973461   598000
0.320193801433   600000
0.324504765674   602000
0.320342387058   604000
0.322405399088   606000
0.327234840855   608000
0.323247337043   610000
0.320066024806   612000
0.332853139035   614000
0.325579968132   616000
0.31830167032   618000
0.324789245617   620000
0.319246551041   622000
0.316967346277   624000
0.321393892825   626000
0.315123800188   628000
0.321144185849   630000
0.314146811852   632000
0.325487873692   634000
0.319365944967   636000
0.3264117104   638000
0.308520393744   640000
0.325485788941   642000
0.311449289687   644000
0.307348169602   646000
0.32945132184   648000
0.303750229035   650000
0.337586863197   652000
0.311633547328   654000
0.330119747467   656000
0.313229846604   658000
0.322707295813   660000
0.320434439026   662000
0.32447000324   664000
0.320101108678   666000
0.323124721535   668000
0.333308829084   670000
0.321499960691   672000
0.320832024258   674000
0.320736765075   676000
0.324731413774   678000
0.316739096154   680000
0.322871820696   682000
0.323320984785   684000
0.319285171352   686000
0.338917470306   688000
0.327497767657   690000
0.319945677269   692000
0.313270840526   694000
0.325696359325   696000
0.314608245701   698000
0.326497742981   700000
0.318291532442   702000
0.318265484788   704000
0.33248363933   706000
0.32010247346   708000
0.31970760921   710000
0.323310116202   712000
0.320525197934   714000
0.32106064406   716000
0.322764386907   718000
0.324899149843   720000
0.316686409572   722000
0.326303476803   724000
0.322902137652   726000
0.321218063138   728000
0.323098630458   730000
0.326353896096   732000
0.315913748648   734000
0.324773023997   736000
0.321211232848   738000
0.326010615259   740000
0.324664836884   742000
0.324567011505   744000
0.324139265228   746000
0.326089979779   748000
0.326989492364   750000
0.319299695674   752000
0.327114551634   754000
0.322719290905   756000
0.32623236493   758000
0.324880259767   760000
0.320812728625   762000
0.325378284045   764000
0.321285400636   766000
0.320394169003   768000
0.326613935385   770000
0.318997507323   772000
0.325029215019   774000
0.32793937372   776000
0.323811720673   778000
0.315678132419   780000
0.324380359925   782000
0.316804155979   784000
0.321581094667   786000
0.313415897015   788000
0.000171424120665   0
0.325679771546   2000
0.329499049298   4000
0.319900261603   6000
0.32802234707   8000
0.329040486634   10000
0.328887129083   12000
0.328465489563   14000
0.328530220084   16000
0.330116726585   18000
0.318729312714   20000
0.324361440517   22000
0.322184909225   24000
0.322917747714   26000
0.320532170802   28000
0.322655682016   30000
0.329854787327   32000
0.32696304404   34000
0.328068903629   36000
0.32397859136   38000
0.324200892307   40000
0.316905070972   42000
0.324628659442   44000
0.319325393323   46000
0.324439396955   48000
0.319494705647   50000
0.322929623958   52000
0.325423752986   54000
0.322771052942   56000
0.315760785859   58000
0.320069416571   60000
0.320987574901   62000
0.319034657467   64000
0.326716972768   66000
0.319590386137   68000
0.326510316953   70000
0.32384282257   72000
0.327905965514   74000
0.32216080891   76000
0.328332061097   78000
0.319089472722   80000
0.324783095144   82000
0.322032244079   84000
0.327261829041   86000
0.318869933128   88000
0.325652269199   90000
0.331074576199   92000
0.316742549891   94000
0.330399822868   96000
0.314651068386   98000
0.325621516243   100000
0.314577596072   102000
0.326095155593   104000
0.30544201177   106000
0.318829302534   108000
0.335685023971   110000
0.32846834483   112000
0.312956005141   114000
0.325362661585   116000
0.31923845109   118000
0.322441820845   120000
0.322858126789   122000
0.323245832317   124000
0.323862190321   126000
0.311730989229   128000
0.33173667904   130000
0.325456989877   132000
0.316661069773   134000
0.323010998208   136000
0.32394841015   138000
0.319923743501   140000
0.321517061681   142000
0.325231500171   144000
0.328505775206   146000
0.327073131125   148000
0.317818694077   150000
0.326208627246   152000
0.320870059256   154000
0.323161840346   156000
0.327512498572   158000
0.321395094253   160000
0.323407253526   162000
0.329942857336   164000
0.328471258506   166000
0.321371783838   168000
0.324452525094   170000
0.32092141917   172000
0.32226461795   174000
0.323167241663   176000
0.321663694218   178000
0.326144074798   180000
0.325288034301   182000
0.331339888617   184000
0.32474529811   186000
0.330556508258   188000
0.326752459481   190000
0.329344562404   192000
0.326463435665   194000
0.320650092714   196000
0.326498023018   198000
0.325172754969   200000
0.32804891723   202000
0.322639378879   204000
0.324555723175   206000
0.328262531515   208000
0.322599264044   210000
0.321994604819   212000
0.326552069213   214000
0.327800489962   216000
0.329929249398   218000
0.332291171424   220000
0.320802257508   222000
0.318362931624   224000
0.330261004485   226000
0.320505653877   228000
0.327007909536   230000
0.324129709668   232000
0.320279328205   234000
0.334272275217   236000
0.326097604811   238000
0.320245008834   240000
0.32143644692   242000
0.320684237652   244000
0.323785950515   246000
0.325786347412   248000
0.317824983027   250000
0.328104398638   252000
0.324372622915   254000
0.330022122554   256000
0.325378208846   258000
0.324879230179   260000
0.319094002735   262000
0.323931719527   264000
0.317094814349   266000
0.320081570715   268000
0.325725741178   270000
0.316702892743   272000
0.331222487107   274000
0.324565848365   276000
0.31649582804   278000
0.321558790006   280000
0.319909766123   282000
0.325144636422   284000
0.322773288958   286000
0.322213000633   288000
0.32400062675   290000
0.322431495398   292000
0.334542263255   294000
0.323242652304   296000
0.320602201678   298000
0.323949323829   300000
0.323664098844   302000
0.31951883503   304000
0.324997576807   306000
0.31611944424   308000
0.318855230095   310000
0.330298990916   312000
0.328850264058   314000
0.318117332768   316000
0.322753553592   318000
0.324306002811   320000
0.323042137038   322000
0.326565428086   324000
0.316268716924   326000
0.326764414325   328000
0.322052894145   330000
0.330955295317   332000
0.320554939445   334000
0.325278983258   336000
0.314066384256   338000
0.323412146419   340000
0.316574585106   342000
0.322337397691   344000
0.326731995076   346000
0.32316016857   348000
0.332689796686   350000
0.32754730583   352000
0.319891671926   354000
0.325060325306   356000
0.319368459318   358000
0.322922814272   360000
0.321505513601   362000
0.317639235415   364000
0.327826567098   366000
0.316794830989   368000
0.33214396394   370000
0.32448728323   372000
0.325568579927   374000
0.321035682324   376000
0.319843523104   378000
0.316960642245   380000
0.326464094929   382000
0.319519005222   384000
0.321815103311   386000
0.328719239995   388000
0.333736599527   390000
0.322479207724   392000
0.323922591414   394000
0.323088134639   396000
0.324740213476   398000
0.322117720693   400000
0.328722073279   402000
0.322115673766   404000
0.32233059844   406000
0.324918058887   408000
0.327060786039   410000
0.319114486109   412000
0.325972235631   414000
0.318452594128   416000
0.328876512736   418000
0.323498071715   420000
0.327588858306   422000
0.324096148591   424000
0.324434416186   426000
0.328590503611   428000
0.325979823977   430000
0.325302585788   432000
0.324384278744   434000
0.322411869235   436000
0.323667387396   438000
0.319308195245   440000
0.321141842745   442000
0.33163641648   444000
0.330554613605   446000
0.320679943375   448000
0.329770303778   450000
0.320861575089   452000
0.325174675569   454000
0.332036543041   456000
0.32956819617   458000
0.324484229621   460000
0.3256305032   462000
0.330231147297   464000
0.322708585944   466000
0.326638466097   468000
0.318947303336   470000
0.322289831091   472000
0.329849703886   474000
0.320526261289   476000
0.323863005292   478000
0.321796700485   480000
0.322480817895   482000
0.32570702704   484000
0.318702082224   486000
0.32827997797   488000
0.329883514829   490000
0.327152048141   492000
0.322913706079   494000
0.325965924505   496000
0.327682612672   498000
0.322503730033   500000
0.322569953339   502000
0.323468367461   504000
0.328119047921   506000
0.33034920352   508000
0.329807618469   510000
0.32442970188   512000
0.328703406021   514000
0.324505104281   516000
0.321940576091   518000
0.330229453787   520000
0.329020230643   522000
0.334180652782   524000
0.320037105747   526000
0.326223250996   528000
0.323280085087   530000
0.321629860733   532000
0.325900881626   534000
0.319097125173   536000
0.321552091476   538000
0.326832232932   540000
0.326005313128   542000
0.317712692179   544000
0.317102020681   546000
0.318933088403   548000
0.322299163759   550000
0.312999905288   552000
0.321193418909   554000
0.3201875761   556000
0.318995458102   558000
0.330645603567   560000
0.322036821997   562000
0.317072484214   564000
0.312027793663   566000
0.316587146156   568000
0.320727990583   570000
0.320213202853   572000
0.314617527548   574000
0.322641582549   576000
0.322251769252   578000
0.321093815155   580000
0.315628807992   582000
0.319865397505   584000
0.312646139411   586000
0.326510232694   588000
0.314224295706   590000
0.320036026133   592000
0.323731688499   594000
0.319452643193   596000
0.329713810213   598000
0.317525649834   600000
0.326081268035   602000
0.325456423879   604000
0.315843053564   606000
0.320747942962   608000
0.319968806636   610000
0.316576923661   612000
0.330415917248   614000
0.324012484338   616000
0.316254518677   618000
0.321127461158   620000
0.323363233078   622000
0.315149413422   624000
0.322399738245   626000
0.314071938258   628000
0.321430595443   630000
0.312906305796   632000
0.323206330653   634000
0.319696208011   636000
0.324379605547   638000
0.308697358724   640000
0.323125494547   642000
0.310041717716   644000
0.307817347549   646000
0.329441056471   648000
0.298563356735   650000
0.333335757293   652000
0.310257154025   654000
0.328413906269   656000
0.311476917606   658000
0.323068971239   660000
0.31910960516   662000
0.323247249208   664000
0.316246576857   666000
0.323769548789   668000
0.33185515552   670000
0.322650132418   672000
0.320468846712   674000
0.31864511966   676000
0.327074081115   678000
0.318933981277   680000
0.326071261004   682000
0.319836514164   684000
0.316951252349   686000
0.334215641566   688000
0.324748568512   690000
0.318222231772   692000
0.31295250871   694000
0.326490852833   696000
0.316891387783   698000
0.325320318125   700000
0.315504560452   702000
0.318484422058   704000
0.334955535576   706000
0.318950433915   708000
0.318774833694   710000
0.320437838942   712000
0.317403608385   714000
0.320362008519   716000
0.322387061268   718000
0.323439407356   720000
0.313818774495   722000
0.326142755829   724000
0.321824156169   726000
0.320389114678   728000
0.322461396515   730000
0.324399376601   732000
0.3136003801   734000
0.322567536157   736000
0.320179273184   738000
0.323593852904   740000
0.327995587163   742000
0.328699584641   744000
0.323394891493   746000
0.324071368001   748000
0.320141778827   750000
0.318832235195   752000
0.327368571699   754000
0.322267453596   756000
0.326854854539   758000
0.32800350415   760000
0.321568754718   762000
0.322209554292   764000
0.321088781197   766000
0.322607778531   768000
0.324210833754   770000
0.319163709253   772000
0.324797091234   774000
0.32712119773   776000
0.321787927002   778000
0.314470273267   780000
0.325038352884   782000
0.314837261979   784000
0.3184105663   786000
0.314727218624   788000
--- 120854.294769 seconds ---
